dfh_song_tone = [5, 5,6, 2, 1, 1,6, 2, 5,5, 6,1,6,5, 1,1,6, 2,5,2,...
    1,7,6,5,5,2,3,2,1,1,6,2,3,2,1,2,1,7,6,5,5,0,5,2,...
    1,7,6,5,5,2,3,2,1,1,6,2,3,2,1,2,1,7,6,5,5,0];
dfh_last_time = [1,0.5,0.5,2,1,0.5,0.5,2,1,1,0.5,0.5,0.5,0.5,1,0.5,0.5,2,1,1,...
    1,0.5,0.5,1,1,1,0.5,0.5,1,0.5,0.5,0.5,0.5,0.5,0.5,0.5,0.5,0.5,0.5,2,1,1,1,1,...
    1,0.5,0.5,1,1,1,0.5,0.5,1,0.5,0.5,0.5,0.5,0.5,0.5,0.5,0.5,0.5,0.5,2,1,1];
save dfh_song_tone;
save dfh_last_time;


